{
  "advancedEditorSelectedIdentifier" : "ProjectBrowser",
  "openSceneRelativePaths" : [
    "Materials\/GridMaterial.usda",
    "Scene.usda"
  ],
  "recentIdentifiers" : {
    "90C576A0-F90A-43B8-9998-14918A66F863" : [

    ]
  },
  "sceneCameraHistory" : {
    "3D787891-ECAD-4FDD-A7D7-DD6A91AC677D" : [
      {
        "date" : 753254286.122596,
        "title" : "Untitled",
        "transform" : [
          0.99999994,
          0,
          -0,
          0,
          -0,
          0.8660254,
          -0.49999994,
          0,
          0,
          0.49999994,
          0.8660254,
          0,
          0,
          0.22207452,
          0.38464442,
          1
        ]
      }
    ],
    "90C576A0-F90A-43B8-9998-14918A66F863" : [
      {
        "date" : 753254781.490823,
        "title" : "Untitled",
        "transform" : [
          -0.96335363,
          3.081265e-05,
          0.2682347,
          0,
          0.099192195,
          0.92915374,
          0.3561378,
          0,
          -0.24922034,
          0.3696935,
          -0.89510673,
          0,
          -0.52767634,
          0.7296232,
          -1.552319,
          1
        ]
      },
      {
        "date" : 753254484.938973,
        "title" : "Untitled",
        "transform" : [
          -0.96335363,
          3.081265e-05,
          0.2682347,
          0,
          0.099192195,
          0.92915374,
          0.3561378,
          0,
          -0.24922034,
          0.3696935,
          -0.89510673,
          0,
          -0.04434824,
          0.24825561,
          -1.8857025,
          1
        ]
      },
      {
        "date" : 753254432.689105,
        "title" : "Untitled",
        "transform" : [
          -0.96335363,
          3.081265e-05,
          0.2682347,
          0,
          0.099192195,
          0.92915374,
          0.3561378,
          0,
          -0.24922034,
          0.3696935,
          -0.89510673,
          0,
          -0.19591969,
          0.52615726,
          -1.7287233,
          1
        ]
      },
      {
        "date" : 753254426.954034,
        "title" : "Untitled",
        "transform" : [
          -0.96335363,
          3.081265e-05,
          0.2682347,
          0,
          0.099192195,
          0.92915374,
          0.3561378,
          0,
          -0.24922034,
          0.3696935,
          -0.89510673,
          0,
          -0.39634702,
          1.0864385,
          -1.4415146,
          1
        ]
      },
      {
        "date" : 753254392.473445,
        "title" : "Untitled",
        "transform" : [
          -0.96335363,
          3.081265e-05,
          0.2682347,
          0,
          0.099192195,
          0.92915374,
          0.3561378,
          0,
          -0.24922034,
          0.3696935,
          -0.89510673,
          0,
          -0.18834183,
          0.32651228,
          -0.68499947,
          1
        ]
      },
      {
        "date" : 753254363.453495,
        "title" : "Untitled",
        "transform" : [
          -0.96335363,
          3.081265e-05,
          0.2682347,
          0,
          0.099192195,
          0.92915374,
          0.3561378,
          0,
          -0.24922034,
          0.3696935,
          -0.89510673,
          0,
          -0.06950742,
          0.14722285,
          -0.23709778,
          1
        ]
      },
      {
        "date" : 753254352.672596,
        "title" : "Untitled",
        "transform" : [
          -0.96335363,
          3.081265e-05,
          0.2682347,
          0,
          0.099192195,
          0.92915374,
          0.3561378,
          0,
          -0.24922034,
          0.3696935,
          -0.89510673,
          0,
          -0.42060015,
          1.1872718,
          -1.5105854,
          1
        ]
      },
      {
        "date" : 753253474.457953,
        "title" : "Untitled",
        "transform" : [
          -0.030691642,
          3.081309e-05,
          0.9995289,
          0,
          0.26751852,
          0.96351796,
          0.008184753,
          0,
          -0.9630638,
          0.26764372,
          -0.029580174,
          0,
          -1.6858225,
          1.0117855,
          -0.05176443,
          1
        ]
      },
      {
        "date" : 753253470.957968,
        "title" : "Untitled",
        "transform" : [
          -0.030691642,
          3.081309e-05,
          0.9995289,
          0,
          0.26751852,
          0.96351796,
          0.008184753,
          0,
          -0.9630638,
          0.26764372,
          -0.029580174,
          0,
          -1.7965736,
          1.0425646,
          -0.055166144,
          1
        ]
      },
      {
        "date" : 753253465.856275,
        "title" : "Untitled",
        "transform" : [
          -0.030691642,
          3.081309e-05,
          0.9995289,
          0,
          0.26751852,
          0.96351796,
          0.008184753,
          0,
          -0.9630638,
          0.26764372,
          -0.029580174,
          0,
          -1.7965736,
          1.0425646,
          -0.055166144,
          1
        ]
      }
    ]
  },
  "selectedSceneRelativePath" : "Scene.usda"
}